root@75:~# /Users/ravindrakadam/Desktop/ml 
-bash: /Users/ravindrakadam/Desktop/ml: Is a directory
root@75:~# cd Desktop
root@75:Desktop# cd ml
root@75:ml# python3 regression.py
   G1  G2  G3  studytime  failures  absences
0   5   6   6          2         0         6
1   5   5   6          2         0         4
2   7   8  10          2         3        10
3  15  14  15          3         0         2
4   6  10  10          2         0         4

root@75:ml# python3 regression.py
0.8178815234901669
root@75:ml# python3 regression.py
0.8470928564122429
Co: 
 [ 0.15479585  0.97140642 -0.23150819 -0.26391327  0.030931  ]
Intercept: 
 -1.2832528252102016
root@75:ml# python3 regression.py
0.8473166848320278
Coefficient: 
 [ 0.15465616  0.96309794 -0.15554177 -0.22963871  0.0320959 ]
Intercept: 
 -1.3427741590444882
4.966893628159607 [8 6 2 2 2] 5
14.956912054489443 [15 15  3  0  0] 15
7.3424617963896015 [8 8 1 1 4] 8
11.026588275367184 [11 11  2  0 12] 11
6.004974115112522 [7 7 2 1 2] 7
10.860285388215019 [12 11  2  0  2] 12
13.840929172302932 [12 14  1  0  0] 15
9.678339477094433 [11 10  2  0  0] 10
9.651181325978659 [11 10  3  0  4] 11
3.859930262841342 [6 5 2 1 0] 0
8.880658813389145 [11  9  3  0 10] 10
19.905314888355502 [18 19  1  0 10] 19
5.133226134598062 [7 6 1 1 0] 0
3.704388492684849 [6 5 3 1 0] 0
6.13529051333958 [5 8 2 3 0] 7
18.466601739153475 [17 18  1  0  0] 18
7.544942351525783 [8 8 2 0 8] 6
13.13282724982006 [14 13  3  0  8] 14
15.625102691101954 [16 15  3  0 16] 15
6.014879241687624 [7 7 3 0 0] 8
12.946075184610246 [13 13  3  0  7] 14
10.950749739144293 [13 11  2  0  0] 10
7.918446481945409 [10  8  2  0 10] 8
-0.2610666456039141 [8 0 1 0 0] 0
12.87694562144548 [13 13  2  0  0] 12
15.112453824645936 [15 15  2  0  0] 15
11.989686216517777 [11 12  2  0 12] 11
3.5561946204939243 [6 5 1 3 0] 0
13.967541571929933 [14 14  3  0  4] 14
10.769821037285745 [11 11  2  0  4] 11
14.804027113453529 [12 15  1  0  0] 15
8.47012102456493 [9 9 2 0 2] 10
16.294399735766522 [16 16  2  0  2] 16
12.449125188794307 [11 13  4  0  6] 14
7.8163354043136035 [11  8  2  0  2] 8
9.40694642430661 [ 8 10  2  0  6] 10
11.823383329365612 [12 12  2  0  2] 11
9.80760870584201 [10 10  1  0  4] 10
12.176438281727592 [12 12  2  0 13] 13
8.24950183518122 [10  9  4  0  0] 0
root@75:ml# python3 regression.py
69 %
Coefficient: 
 [ 0.13916279  0.97375828 -0.10369324 -0.26862262  0.03073645]
Intercept: 
 -1.3491683414156412
12.018386324079227 [13 12  3  0  6] 12
11.859970955160694 [12 12  2  0  2] 11
14.409394616810658 [15 14  2  0  8] 14
12.807725879985158 [13 13  3  0  0] 13
10.787489307339433 [13 11  2  1  3] 11
13.192780303844886 [14 13  3  0  8] 14
9.766860997062485 [ 8 10  1  0 12] 10
11.798498047913665 [12 12  2  0  0] 11
11.898712872726467 [12 12  2  1 12] 13
12.6945664379361 [11 13  2  0  2] 14
12.025137102854861 [12 12  1  0  4] 13
8.391511144335103 [10  9  4  0  0] 0
13.047103499669573 [14 13  3  1 12] 13
5.952553367768359 [ 8  6  2  0 18] 7
9.15516751826156 [ 7 10  2  0  0] 11
6.094729890448891 [6 7 2 0 0] 0
8.191112211688399 [9 9 2 1 0] 0
16.424814687284282 [18 16  3  0  0] 16
13.894963770524313 [11 14  1  0  6] 14
7.82858272501689 [7 9 2 2 6] 8
7.207650962967524 [7 8 2 0 0] 0
7.625139347582364 [10  8  2  0  0] 9
9.478749034874259 [ 8 10  2  0  6] 10
10.607887087770447 [10 11  2  0  2] 11
9.556438922498845 [ 9 10  2  0  4] 10
17.22394061563521 [16 17  2  0  0] 17
9.695601717370458 [10 10  2  0  4] 10
5.166227539671345 [5 6 2 0 6] 6
11.82450140073622 [11 12  1  0  2] 11
18.982327214247643 [17 18  2  0 21] 18
13.400166784739165 [14 13  1  0  8] 13
14.50960944162346 [15 14  2  1 20] 13
3.9140602709099586 [7 5 3 1 0] 0
7.408286665086166 [8 8 2 0 2] 8
13.673057816384077 [12 14  3  0  1] 15
10.096873121607743 [12 10  2  0  8] 11
11.4099652084196 [11 12  3  1  4] 11
4.2701591496489115 [6 5 2 0 4] 6
11.162840760125304 [12 11  2  0 11] 11
8.705626459345885 [9 9 2 0 8] 9
root@75:ml# python3 regression.py
85 %
Coefficient: 
 [ 0.17924921  0.9592215  -0.13797311 -0.25391808  0.03547371]
Intercept: 
 -1.6737502193263012
8.438346162034057 [ 7 10  4  1  2] 10
9.076512234439663 [ 8 10  2  0  0] 12
5.858567385109902 [5 8 2 3 0] 7
14.90683887900218 [13 15  1  0  0] 15
4.168341634524752 [ 5  5  2  0 12] 5
3.5520432692715236 [6 5 1 2 0] 0
4.556511367642785 [ 6  5  1  0 14] 5
3.709264340458086 [7 5 3 1 0] 0
13.809644272222172 [13 14  2  0  0] 15
3.8845519505606987 [5 5 2 0 4] 6
8.479710882790693 [10  9  3  0  4] 9
8.188238154203182 [8 9 2 0 2] 8
12.428820409713675 [11 13  4  0  6] 14
16.196928555742204 [15 16  3  0  7] 15
12.5925430988057 [10 13  1  0  4] 14
12.271599338527114 [10 13  2  1  6] 13
3.414030303676628 [3 5 2 1 8] 5
10.541929381324682 [11 11  3  0  3] 11
12.876332782769753 [10 13  1  0 12] 12
16.336782315391694 [16 16  2  0  2] 17
11.924794326165715 [12 12  2  0  6] 12
19.547195648683676 [19 19  4  0  4] 20
15.736219655548773 [16 15  3  0 16] 15
10.010273060140237 [12 10  3  0 10] 12
18.584052411026672 [19 18  3  0  0] 19
10.64442877638169 [11 11  2  0  2] 11
10.038063726012288 [10 10  2  0 17] 10
14.268761426331219 [14 14  1  0  4] 14
9.397656282996197 [ 9 10  2  0  4] 10
9.8644564817287 [12 10  2  0  2] 11
5.375718680985226 [7 6 1 0 5] 7
8.013199592070777 [10  8  2  0 14] 9
8.259185575194195 [8 9 2 0 4] 10
8.199842935256152 [10  9  4  0  0] 0
-1.6025626500149612 [4 0 1 2 0] 0
15.090009822006198 [14 15  2  0  4] 15
9.614259854163182 [11 10  2  0  0] 10
6.683625848671092 [6 8 1 1 0] 8
12.92137019198569 [13 13  2  0  2] 11
16.366453635360713 [15 16  1  0  4] 15
root@75:ml# 
